  0.100000001       1.00000000       1.00000000       1.00000000       1.00000000       1.07177341    
  0.200000003       1.00000000       1.00000000       1.00000000       1.00000000       1.14869833    
  0.300000012       1.00000000       1.00000000       1.00000000       1.00000000       1.23114443    
  0.400000006       1.00000000       1.00000000       1.00000000       1.00000000       1.31950796    
  0.500000000       1.00000000       1.00000000       1.00000000       1.00000000       1.41421354    
  0.600000024       1.00000000       1.00000000       1.00000000       1.00000000       1.51571655    
  0.699999988       1.00000000       1.00000000       1.00000000       1.00000000       1.62450480    
  0.800000012       1.00000000       1.00000000       1.00000000       1.00000000       1.74110115    
  0.900000036       1.00000000       1.00000000       1.00000000       1.00000000       1.86606598    
   1.00000000       1.00000000       1.00000000       1.00000000       1.00000000       2.00000000    
   1.10000002       1.00000000       1.00000000       1.10000002       1.21000004       2.14354706    
   1.20000005       1.00000000       1.00000000       1.20000005       1.44000006       2.29739690    
   1.30000007       1.00000000       1.00000000       1.30000007       1.69000018       2.46228886    
   1.39999998       1.00000000       1.00000000       1.39999998       1.95999992       2.63901567    
   1.50000000       1.00000000       1.00000000       1.50000000       2.25000000       2.82842708    
   1.60000002       1.00000000       1.00000000       1.60000002       2.56000018       3.03143311    
   1.70000005       1.00000000       1.00000000       1.70000005       2.89000010       3.24900961    
   1.80000007       1.00000000       1.00000000       1.80000007       3.24000025       3.48220253    
   1.89999998       1.00000000       1.00000000       1.89999998       3.60999990       3.73213196    
   2.00000000       1.00000000       1.00000000       2.00000000       4.00000000       4.00000000    
   2.10000014       1.00000000       1.00000000       2.10000014       4.41000080       4.28709412    
   2.20000005       1.00000000       1.00000000       2.20000005       4.84000015       4.59479380    
   2.29999995       1.00000000       1.00000000       2.29999995       5.28999996       4.92457771    
   2.40000010       1.00000000       1.00000000       2.40000010       5.76000023       5.27803183    
   2.50000000       1.00000000       1.00000000       2.50000000       6.25000000       5.65685415    
   2.60000014       1.00000000       1.00000000       2.60000014       6.76000071       6.06286669    
   2.70000005       1.00000000       1.00000000       2.70000005       7.29000044       6.49801922    
   2.79999995       1.00000000       1.02961946       2.79999995       7.83999968       6.96440411    
   2.90000010       1.00000000       1.06471074       2.90000010       8.41000080       7.46426439    
   3.00000000       1.00000000       1.09861231       3.00000000       9.00000000       8.00000000    
   3.10000014       1.00000000       1.13140213       3.10000014       9.61000061       8.57418823    
   3.20000005       1.00000000       1.16315079       3.20000005       10.2400007       9.18958759    
   3.29999995       1.00000000       1.19392240       3.29999995       10.8899994       9.84915543    
   3.40000010       1.00000000       1.22377551       3.40000010       11.5600004       10.5560637    
   3.50000000       1.00000000       1.25276291       3.50000000       12.2500000       11.3137083    
   3.60000014       1.00000000       1.28093386       3.60000014       12.9600010       12.1257334    
   3.70000005       1.00000000       1.30833280       3.70000005       13.6900005       12.9960384    
   3.79999995       1.00000000       1.33500111       3.79999995       14.4399996       13.9288082    
   3.90000010       1.00000000       1.36097658       3.90000010       15.2100010       14.9285288    
   4.00000000       1.00000000       1.38629436       4.00000000       16.0000000       16.0000000    
   4.09999990       1.00000000       1.41098690       4.09999990       16.8099995       17.1483746    
   4.20000029       1.00000000       1.43508458       4.20000029       17.6400032       18.3791771    
   4.30000019       1.00000000       1.45861506       4.30000019       18.4900017       19.6983128    
   4.40000010       1.00000000       1.48160458       4.40000010       19.3600006       21.1121273    
   4.50000000       1.00000000       1.50407743       4.50000000       20.2500000       22.6274166    
   4.59999990       1.00000000       1.52605629       4.59999990       21.1599998       24.2514629    
   4.70000029       1.00000000       1.54756260       4.70000029       22.0900021       25.9920826    
   4.80000019       1.00000000       1.56861591       4.80000019       23.0400009       27.8576221    
   4.90000010       1.00000000       1.58923519       4.90000010       24.0100002       29.8570576    
   5.00000000       1.00000000       1.60943794       5.00000000       25.0000000       32.0000000    
   5.09999990       1.00000000       1.62924051       5.09999990       26.0099983       34.2967491    
   5.20000029       1.00000000       1.64865863       5.20000029       27.0400028       36.7583542    
   5.30000019       1.00000000       1.66770685       5.30000019       28.0900021       39.3966255    
   5.40000010       1.00000000       1.68639898       5.40000010       29.1600018       42.2242546    
   5.50000000       1.00000000       1.70474803       5.50000000       30.2500000       45.2548332    
   5.59999990       1.00000000       1.72276664       5.59999990       31.3599987       48.5029259    
   5.70000029       1.00000000       1.74046624       5.70000029       32.4900017       51.9841652    
   5.80000019       1.00000000       1.75785792       5.80000019       33.6400032       55.7152443    
   5.90000010       1.00000000       1.77495241       5.90000010       34.8100014       59.7141151    
   6.00000000       1.00000000       1.79175949       6.00000000       36.0000000       64.0000000    
